1746
7048
43115
34406
89280
8087
94730
68829
11644
61965
2589
70704
67686
59746
94409
9198
30523
83892
85466
46131
28698
71115
16460
52142
86999
93396
93767
2409
98971
234
5763
79904
32602
5384
43912
8810
81811
89265
75336
33162
42708
76960
42696
5323
40732
14816
1962
76157
88567
562
98342
29786
83318
78506
96220
78226
38700
98713
1068
24372
56553
4894
12647
91290
37155
85732
48179
361
25920
13541
14835
43326
94446
82215
47700
99862
68795
17874
76689
2087
77573
90707
92935
7217
58171
4812
69130
60806
88194
82761
10103
5322
55897
27565
43120
39452
66645
9035
47123
5495
92166
9429
17755
53130
5840
90385
65253
37268
60379
50814
67900
13641
23436
93963
29646
41719
98546
65873
16981
26882
389
32853
90751
91600
81770
30135
16150
88333
24625
44549
74336
48601
6493
30528
38312
68533
7560
66438
71660
37674
76677
47614
65221
9726
4668
1747
22722
41204
1274
36914
66877
54372
94146
86915
3972
84729
66252
17772
9889
56334
61334
23218
19259
21945
34462
64918
87803
42343
34921
2230
89840
23894
27728
90633
14963
65529
49701
10790
29331
69664
13411
33238
3842
75278
31971
35797
45878
31417
95344
49261
12906
10933
82860
54299
20483
5717
2552
920
19675
8056
76192
23665
9497
67130
68188
13384
8750
58289
36280
73945
67721
36780
29325
29837
55213
68983
26790
17658
69966
79753
3124
32537
23952
66460
41907
15967
61448
43384
79555
61117
38992
36945
9155
81464
13351
94661
1297
95457
88895
70127
91300
61574
96525
279
97537
4315
6781
62487
46515
19578
74579
28279
71826
24152
49427
92162
39564
29246
81746
16535
88415
63837
3202
14505
21544
62698
18907
76687
15112
72366
52556
41717
94577
71431
30294
77473
16413
44997
84882
38711
6600
8222
11981
2585
3865
32811
60451
6135
30533
7580
69817
6037
2228
4440
17602
69776
53378
79719
33683
39257
89807
27702
42743
63346
73472
59115
31892
24722
29708
54854
72308
24653
72423
94765
75517
69178
84306
15528
75225
72628
16672
78726
59254
11378
40939
99759
37639
6718
32590
97567
36217
52338
91304
89210
49616
78918
531
2374
10336
50971
35323
42810
2163
99699
59743
9539
22681
8415
45395
79241
62100
10504
50685
16591
42264
54126
74339
75104
69377
78676
44594
29595
50197
40210
33179
4516
20485
80257
17384
16677
29792
19283
7811
29938
53704
95617
33168
73388
47819
39338
6334
82502
3944
85475
35658
14235
52904
27769
27908
65878
71497
9173
33728
3874
50925
77305
7086
24866
47976
10268
89579
38906
2510
4134
59909
83460
56802
8921
9923
68277
4659
12269
98970
34245
75409
17637
25529
4866
78916
14644
71207
16726
48829
99253
86175
39124
61323
85207
1667
11583
72632
58238
48742
41595
90121
76520
21536
27682
94482
13217
52918
66249
88847
25983
10768
8824
89164
697
22689
45109
56590
50470
26178
20145
5555
8176
47200
95250
58158
40349
26777
37216
91381
68839
71923
26960
6410
36886
62493
30595
9778
4452
78611
100
53345
25105
71343
56774
50892
60680
79307
81771
75901
23815
65151
26552
98238
69883
5289
22107
65655
6210
11256
85819
48232
32360
87249
45367
13775
81659
2966
12272
45384
12830
52146
84378
96264
12873
69158
94511
74329
57368
99237
83612
73441
67936
9302
26978
3559
88869
98940
81662
58812
25158
31929
89442
33343
917
75768
99802
22466
21751
18393
41399
71735
97400
89745
31544
70100
33913
38832
9708
33827
76703
35185
28273
35883
68631
30725
66536
70581
22174
22640
87574
6187
53842
92603
29908
92260
38766
60608
40328
95882
18690
75225
42586
55923
29296
56786
38808
71197
86464
60826
59379
42587
85397
90238
41544
98585
63390
48366
4224
6120
73758
12654
5576
4915
19493
58398
41961
21143
15612
2350
69697
4640
82621
98699
80289
2953
87904
67260
44405
5152
21919
70758
52462
73960
3315
18868
98835
52221
36317
38784
9992
12904
95198
60932
47326
47517
46159
34658
5730
58998
13298
89757
38742
36570
7370
36565
78578
71380
1224
88543
38876
10544
34749
52859
45277
43914
92704
19396
28937
32919
25594
20691
32235
80449
93453
844
77559
29663
8808
82504
54190
1755
7331
40241
46446
99
4952
80961
7679
16544
49174
36628
60150
97865
74345
41977
46990
19801
73893
4861
427
26581
1295
64648
84101
71720
24331
45637
12163
20839
27721
9742
71469
91957
90563
99399
47177
34503
34792
81638
83663
43265
61988
72889
9676
12664
41950
22344
13155
79
12896
8415
54127
71569
363
94597
53491
42628
89560
13280
11642
95116
77864
75566
88311
1
5102
47277
41615
17786
73503
34501
80986
84184
18817
17784
87581
5668
81185
2741
53939
19864
25275
52698
55879
56322
82190
82636
83516
965
45181
99923
91117
80182
81751
90712
90309
41881
9168
13237
80896
8742
84846
86300
17488
18323
48429
33225
23978
74220
93292
4067
23662
30359
79813
81999
32610
17432
85608
49172
70976
93299
93921
47600
16859
48806
13118
13138
8974
37306
44434
7094
65469
58750
77732
33173
63626
7821
32441
35434
40961
72587
25662
98270
33725
21659
93838
50253
62193
39108
33362
64302
57751
38807
92356
46494
98988
26675
95243
51118
23898
5549
3955
51977
47701
93313
12458
24871
41471
4567
95387
89789
29612
97342
75767
83882
37214
15501
33831
6284
72186
64405
58635
53969
41873
84976
45910
36174
39
86325
2560
6675
69593
88502
27635
32165
29576
5280
1398
53531
1815
49566
23653
13281
28858
99751
93999
31752
46531
75700
14655
69428
39999
76299
50299
84501
66223
42102
5696
954
43808
55212
55884
65281
30420
81207
9530
41554
60159
53749
382
68671
16562
72775
42239
69518
25780
77925
75599
23111
17227
24760
6790
73373
86423
14846
4075
81842
29832
63170
76137
3704
83891
6337
29415
10929
36122
28326
89313
55424
43201
51503
29189
66661
4569
46565
3263
74261
61304
83824
71190
9439
55239
29265
25100
30392
9299
64790
18530
17552
72581
57938
16809
10307
37146
65923
46202
7290
72291
70634
62271
4671
30534
61942
40248
91252
2643
49193
22591
93116
24280
15329
78780
32305
21886
8416
3766
41804
83585
63420
17384
10576
92268
79392
27440
70664
67307
7970
80676
17788
69439
3291
6876
64576
20142
9682
49633
44116
79472
14297
91510
4377
5299
24934
46225
67987
20568
29332
59783
58850
36291
1711
25741
339
35775
3359
6271
-1
